1541607619 1
1541608059 2
1541608111 3
1541608271 4
1541608359 5
1541608453 6
1541619419 7
1541706850 8
1541751938 9
1542193779 10
1542200384 11
1542802907 12
1542804754 13
1543091155 14
1543158518 15
1543159559 16
1543169267 17
1543184896 18
1543188370 19
1543316419 20
1543343168 21
1543344824 22
1543405961 23
1543929698 24
1544014262 25
1544186993 26
1544195830 27
1544288731 28
1544291447 29
1544294480 30
1544295492 31
1544385050 32
1544440732 33
1544445640 34
1544471112 35
1544490409 36
1544528036 37
1544544311 38
1544572262 39
1544630625 40
1544632106 41
1544634018 42
1544723477 43
1544728737 44
1544733543 45
1544781220 46
1544782730 47
1544783491 48
1544895106 49
1544897217 50
1544897708 51
