1541607619 1
1541608059 299
1541608111 299
1541608271 303
1541608359 304
1541608453 305
1541619419 496
1541706850 678
1541751938 707
1542193779 743
1542200384 879
1542802907 984
1542804754 1016
1543091155 1210
1543158518 1412
1543159559 1421
1543169267 1538
1543184896 1606
1543188370 1623
1543316419 1982
1543343168 2120
1543344824 2372
1543405961 2440
1543929698 2450
1544014262 2569
1544186993 2638
1544195830 2664
1544288731 2826
1544291447 2867
1544294480 2891
1544295492 2916
1544385050 3035
1544440732 3085
1544445640 3148
1544471112 3320
1544490409 3460
1544528036 3637
1544544311 3813
1544572262 3954
1544630625 4028
1544632106 4050
1544634018 4058
1544723477 4380
1544728737 4407
1544733543 5001
1544781220 5066
1544782730 5162
1544783491 5211
1544895106 5317
1544897217 5617
1544897708 6931
