1541607619 1
1541608059 299
1541608111 299
1541608271 303
1541608359 303
1541608453 303
1541619419 487
1541706850 631
1541751938 652
1542193779 682
1542200384 758
1542802907 809
1542804754 799
1543091155 934
1543158518 1103
1543159559 1056
1543169267 1101
1543184896 1142
1543188370 1155
1543316419 1466
1543343168 1564
1543344824 1783
1543405961 1820
1543929698 1826
1544014262 1887
1544186993 1914
1544195830 1909
1544288731 1969
1544291447 1982
1544294480 2004
1544295492 2021
1544385050 2071
1544440732 2105
1544445640 2165
1544471112 2282
1544490409 2372
1544528036 2505
1544544311 2656
1544572262 2755
1544630625 2812
1544632106 2830
1544634018 2836
1544723477 3135
1544728737 3141
1544733543 3208
1544781220 3229
1544782730 3218
1544783491 3264
1544895106 3309
1544897217 3435
